10c10
< 2021	3	3	2021	3	3	46	46	1
---
> 2021	3	3	2021	3	3	45	45	1
12c12
< 2021	3	5	2021	3	5	49	49	3
---
> 2021	3	5	2021	3	5	48	48	3
14,15c14,15
< 2021	3	7	2021	3	7	17	17	0
< 2021	3	8	2021	3	8	28	28	0
---
> 2021	3	7	2021	3	7	16	16	0
> 2021	3	8	2021	3	8	29	28	0
17c17
< 2021	3	10	2021	3	10	75	75	0
---
> 2021	3	10	2021	3	10	74	74	0
22,25c22,25
< 2021	3	15	2021	3	15	149	149	0
< 2021	3	16	2021	3	16	153	152	2
< 2021	3	17	2021	3	17	154	154	0
< 2021	3	18	2021	3	18	161	161	1
---
> 2021	3	15	2021	3	15	148	148	0
> 2021	3	16	2021	3	16	151	150	2
> 2021	3	17	2021	3	17	152	152	0
> 2021	3	18	2021	3	18	160	160	1
29,33c29,33
< 2021	3	22	2021	3	22	235	233	0
< 2021	3	23	2021	3	23	243	243	0
< 2021	3	24	2021	3	24	271	270	2
< 2021	3	25	2021	3	25	579	577	0
< 2021	3	26	2021	3	26	318	318	2
---
> 2021	3	22	2021	3	22	233	231	0
> 2021	3	23	2021	3	23	242	242	0
> 2021	3	24	2021	3	24	268	267	2
> 2021	3	25	2021	3	25	578	576	0
> 2021	3	26	2021	3	26	316	316	2
35c35
< 2021	3	28	2021	3	28	108	108	1
---
> 2021	3	28	2021	3	28	107	107	1
39c39
< 2021	4	1	2021	4	1	307	306	1
---
> 2021	4	1	2021	4	1	306	305	1
43,47c43,47
< 2021	4	5	2021	4	5	55	55	2
< 2021	4	6	2021	4	6	1154	1151	6
< 2021	4	7	2021	4	7	321	320	1
< 2021	4	8	2021	4	8	418	414	1
< 2021	4	9	2021	4	9	629	614	3
---
> 2021	4	5	2021	4	5	54	54	2
> 2021	4	6	2021	4	6	1149	1146	7
> 2021	4	7	2021	4	7	319	318	1
> 2021	4	8	2021	4	8	416	412	1
> 2021	4	9	2021	4	9	626	612	3
49,55c49,55
< 2021	4	11	2021	4	11	67	64	0
< 2021	4	12	2021	4	12	755	746	7
< 2021	4	13	2021	4	13	425	423	2
< 2021	4	14	2021	4	14	607	588	5
< 2021	4	15	2021	4	15	365	363	2
< 2021	4	16	2021	4	16	683	679	8
< 2021	4	17	2021	4	17	78	78	0
---
> 2021	4	11	2021	4	11	66	63	0
> 2021	4	12	2021	4	12	755	746	8
> 2021	4	13	2021	4	13	420	418	2
> 2021	4	14	2021	4	14	603	584	5
> 2021	4	15	2021	4	15	364	362	2
> 2021	4	16	2021	4	16	681	677	8
> 2021	4	17	2021	4	17	77	77	0
57,59c57,59
< 2021	4	19	2021	4	19	555	551	12
< 2021	4	20	2021	4	20	492	488	2
< 2021	4	21	2021	4	21	491	471	5
---
> 2021	4	19	2021	4	19	554	550	12
> 2021	4	20	2021	4	20	491	487	2
> 2021	4	21	2021	4	21	491	472	5
61c61
< 2021	4	23	2021	4	23	290	277	2
---
> 2021	4	23	2021	4	23	289	276	2
64,69c64,69
< 2021	4	26	2021	4	26	461	456	12
< 2021	4	27	2021	4	27	366	363	4
< 2021	4	28	2021	4	28	382	379	2
< 2021	4	29	2021	4	29	262	259	1
< 2021	4	30	2021	4	30	694	686	4
< 2021	5	1	2021	5	1	146	145	1
---
> 2021	4	26	2021	4	26	461	456	14
> 2021	4	27	2021	4	27	365	362	4
> 2021	4	28	2021	4	28	379	376	2
> 2021	4	29	2021	4	29	259	257	1
> 2021	4	30	2021	4	30	693	685	5
> 2021	5	1	2021	5	1	145	144	1
71c71
< 2021	5	3	2021	5	3	373	367	8
---
> 2021	5	3	2021	5	3	370	364	8
73,76c73,76
< 2021	5	5	2021	5	5	426	418	5
< 2021	5	6	2021	5	6	452	444	2
< 2021	5	7	2021	5	7	439	432	8
< 2021	5	8	2021	5	8	74	72	0
---
> 2021	5	5	2021	5	5	422	414	5
> 2021	5	6	2021	5	6	450	442	2
> 2021	5	7	2021	5	7	437	430	8
> 2021	5	8	2021	5	8	73	71	0
78,81c78,81
< 2021	5	10	2021	5	10	553	546	2
< 2021	5	11	2021	5	11	393	387	3
< 2021	5	12	2021	5	12	409	405	3
< 2021	5	13	2021	5	13	594	584	6
---
> 2021	5	10	2021	5	10	554	547	2
> 2021	5	11	2021	5	11	391	385	3
> 2021	5	12	2021	5	12	406	403	4
> 2021	5	13	2021	5	13	592	582	6
85,90c85,90
< 2021	5	17	2021	5	17	409	395	7
< 2021	5	18	2021	5	18	301	293	9
< 2021	5	19	2021	5	19	282	277	4
< 2021	5	20	2021	5	20	620	616	2
< 2021	5	21	2021	5	21	400	388	2
< 2021	5	22	2021	5	22	83	83	0
---
> 2021	5	17	2021	5	17	407	393	7
> 2021	5	18	2021	5	18	302	294	9
> 2021	5	19	2021	5	19	279	274	4
> 2021	5	20	2021	5	20	617	613	2
> 2021	5	21	2021	5	21	399	387	2
> 2021	5	22	2021	5	22	82	82	0
92,95c92,95
< 2021	5	24	2021	5	24	476	466	4
< 2021	5	25	2021	5	25	350	344	7
< 2021	5	26	2021	5	26	402	398	8
< 2021	5	27	2021	5	27	469	469	3
---
> 2021	5	24	2021	5	24	474	464	4
> 2021	5	25	2021	5	25	353	347	7
> 2021	5	26	2021	5	26	401	397	8
> 2021	5	27	2021	5	27	468	468	3
97c97
< 2021	5	29	2021	5	29	81	81	0
---
> 2021	5	29	2021	5	29	79	79	0
99,102c99,102
< 2021	5	31	2021	5	31	913	908	10
< 2021	6	1	2021	6	1	272	268	2
< 2021	6	2	2021	6	2	285	280	2
< 2021	6	3	2021	6	3	476	470	15
---
> 2021	5	31	2021	5	31	914	909	11
> 2021	6	1	2021	6	1	271	267	2
> 2021	6	2	2021	6	2	284	279	2
> 2021	6	3	2021	6	3	474	468	15
106,109c106,109
< 2021	6	7	2021	6	7	456	447	3
< 2021	6	8	2021	6	8	483	475	10
< 2021	6	9	2021	6	9	402	391	9
< 2021	6	10	2021	6	10	405	400	2
---
> 2021	6	7	2021	6	7	455	446	3
> 2021	6	8	2021	6	8	482	474	10
> 2021	6	9	2021	6	9	401	390	9
> 2021	6	10	2021	6	10	404	399	2
112,118c112,118
< 2021	6	13	2021	6	13	86	80	0
< 2021	6	14	2021	6	14	418	415	3
< 2021	6	15	2021	6	15	490	486	4
< 2021	6	16	2021	6	16	467	463	3
< 2021	6	17	2021	6	17	715	705	5
< 2021	6	18	2021	6	18	393	381	5
< 2021	6	19	2021	6	19	107	99	0
---
> 2021	6	13	2021	6	13	85	79	0
> 2021	6	14	2021	6	14	417	414	3
> 2021	6	15	2021	6	15	491	487	4
> 2021	6	16	2021	6	16	468	464	3
> 2021	6	17	2021	6	17	714	704	5
> 2021	6	18	2021	6	18	387	375	5
> 2021	6	19	2021	6	19	106	98	0
120,124c120,124
< 2021	6	21	2021	6	21	503	498	3
< 2021	6	22	2021	6	22	436	427	4
< 2021	6	23	2021	6	23	490	479	2
< 2021	6	24	2021	6	24	695	685	4
< 2021	6	25	2021	6	25	426	422	5
---
> 2021	6	21	2021	6	21	502	497	3
> 2021	6	22	2021	6	22	434	425	4
> 2021	6	23	2021	6	23	488	477	2
> 2021	6	24	2021	6	24	693	683	4
> 2021	6	25	2021	6	25	425	421	5
127,134c127,134
< 2021	6	28	2021	6	28	369	354	4
< 2021	6	29	2021	6	29	391	381	4
< 2021	6	30	2021	6	30	380	376	5
< 2021	7	1	2021	7	1	698	695	3
< 2021	7	2	2021	7	2	412	406	2
< 2021	7	3	2021	7	3	99	93	0
< 2021	7	4	2021	7	4	66	60	0
< 2021	7	5	2021	7	5	582	576	1
---
> 2021	6	28	2021	6	28	367	352	4
> 2021	6	29	2021	6	29	390	380	4
> 2021	6	30	2021	6	30	379	375	5
> 2021	7	1	2021	7	1	695	693	3
> 2021	7	2	2021	7	2	410	404	2
> 2021	7	3	2021	7	3	98	92	0
> 2021	7	4	2021	7	4	66	60	1
> 2021	7	5	2021	7	5	579	573	1
136c136
< 2021	7	7	2021	7	7	608	598	4
---
> 2021	7	7	2021	7	7	605	595	4
138c138
< 2021	7	9	2021	7	9	526	515	8
---
> 2021	7	9	2021	7	9	525	514	8
141,145c141,145
< 2021	7	12	2021	7	12	584	578	3
< 2021	7	13	2021	7	13	610	597	9
< 2021	7	14	2021	7	14	607	603	4
< 2021	7	15	2021	7	15	486	483	4
< 2021	7	16	2021	7	16	401	395	3
---
> 2021	7	12	2021	7	12	585	579	3
> 2021	7	13	2021	7	13	607	595	9
> 2021	7	14	2021	7	14	605	601	4
> 2021	7	15	2021	7	15	485	482	4
> 2021	7	16	2021	7	16	400	394	3
148,150c148,150
< 2021	7	19	2021	7	19	460	454	0
< 2021	7	20	2021	7	20	607	596	2
< 2021	7	21	2021	7	21	392	387	1
---
> 2021	7	19	2021	7	19	458	452	0
> 2021	7	20	2021	7	20	606	595	2
> 2021	7	21	2021	7	21	391	386	1
152c152
< 2021	7	23	2021	7	23	531	523	1
---
> 2021	7	23	2021	7	23	529	521	1
155,156c155,156
< 2021	7	26	2021	7	26	420	419	1
< 2021	7	27	2021	7	27	684	679	6
---
> 2021	7	26	2021	7	26	418	417	1
> 2021	7	27	2021	7	27	680	675	6
158,159c158,159
< 2021	7	29	2021	7	29	566	563	0
< 2021	7	30	2021	7	30	352	348	5
---
> 2021	7	29	2021	7	29	564	561	0
> 2021	7	30	2021	7	30	351	347	5
162,166c162,166
< 2021	8	2	2021	8	2	554	550	2
< 2021	8	3	2021	8	3	462	457	5
< 2021	8	4	2021	8	4	332	326	1
< 2021	8	5	2021	8	5	455	450	4
< 2021	8	6	2021	8	6	303	296	9
---
> 2021	8	2	2021	8	2	550	546	2
> 2021	8	3	2021	8	3	456	451	6
> 2021	8	4	2021	8	4	331	325	1
> 2021	8	5	2021	8	5	454	449	4
> 2021	8	6	2021	8	6	301	294	9
168,172c168,172
< 2021	8	8	2021	8	8	81	79	1
< 2021	8	9	2021	8	9	564	560	1
< 2021	8	10	2021	8	10	486	477	2
< 2021	8	11	2021	8	11	434	428	2
< 2021	8	12	2021	8	12	406	395	1
---
> 2021	8	8	2021	8	8	80	78	1
> 2021	8	9	2021	8	9	563	559	1
> 2021	8	10	2021	8	10	483	474	2
> 2021	8	11	2021	8	11	439	433	2
> 2021	8	12	2021	8	12	403	392	1
176,180c176,180
< 2021	8	16	2021	8	16	581	578	3
< 2021	8	17	2021	8	17	594	587	4
< 2021	8	18	2021	8	18	556	552	6
< 2021	8	19	2021	8	19	676	667	4
< 2021	8	20	2021	8	20	511	508	1
---
> 2021	8	16	2021	8	16	580	577	3
> 2021	8	17	2021	8	17	592	585	5
> 2021	8	18	2021	8	18	555	551	6
> 2021	8	19	2021	8	19	675	666	4
> 2021	8	20	2021	8	20	509	506	1
182,183c182,183
< 2021	8	22	2021	8	22	134	131	0
< 2021	8	23	2021	8	23	510	507	3
---
> 2021	8	22	2021	8	22	134	131	1
> 2021	8	23	2021	8	23	509	506	3
185,187c185,187
< 2021	8	25	2021	8	25	375	366	3
< 2021	8	26	2021	8	26	764	757	1
< 2021	8	27	2021	8	27	414	406	2
---
> 2021	8	25	2021	8	25	372	363	3
> 2021	8	26	2021	8	26	762	755	1
> 2021	8	27	2021	8	27	412	404	2
190c190
< 2021	8	30	2021	8	30	650	645	8
---
> 2021	8	30	2021	8	30	645	640	8
192,194c192,194
< 2021	9	1	2021	9	1	434	422	5
< 2021	9	2	2021	9	2	438	429	4
< 2021	9	3	2021	9	3	491	486	1
---
> 2021	9	1	2021	9	1	434	421	5
> 2021	9	2	2021	9	2	435	426	4
> 2021	9	3	2021	9	3	489	484	1
197,215c197,215
< 2021	9	6	2021	9	6	714	703	7
< 2021	9	7	2021	9	7	515	505	3
< 2021	9	8	2021	9	8	299	292	1
< 2021	9	9	2021	9	9	516	503	4
< 2021	9	10	2021	9	10	405	400	0
< 2021	9	11	2021	9	11	127	123	1
< 2021	9	12	2021	9	12	122	117	0
< 2021	9	13	2021	9	13	658	644	6
< 2021	9	14	2021	9	14	388	381	1
< 2021	9	15	2021	9	15	332	324	2
< 2021	9	16	2021	9	16	585	579	5
< 2021	9	17	2021	9	17	438	430	6
< 2021	9	18	2021	9	18	209	198	1
< 2021	9	19	2021	9	19	98	91	0
< 2021	9	20	2021	9	20	637	629	0
< 2021	9	21	2021	9	21	431	418	2
< 2021	9	22	2021	9	22	596	587	2
< 2021	9	23	2021	9	23	585	578	0
< 2021	9	24	2021	9	24	475	458	2
---
> 2021	9	6	2021	9	6	709	698	6
> 2021	9	7	2021	9	7	513	503	3
> 2021	9	8	2021	9	8	299	292	2
> 2021	9	9	2021	9	9	514	501	4
> 2021	9	10	2021	9	10	401	396	0
> 2021	9	11	2021	9	11	126	122	1
> 2021	9	12	2021	9	12	120	115	0
> 2021	9	13	2021	9	13	652	638	6
> 2021	9	14	2021	9	14	385	378	0
> 2021	9	15	2021	9	15	326	318	1
> 2021	9	16	2021	9	16	584	578	5
> 2021	9	17	2021	9	17	436	428	6
> 2021	9	18	2021	9	18	205	194	1
> 2021	9	19	2021	9	19	96	90	1
> 2021	9	20	2021	9	20	634	626	0
> 2021	9	21	2021	9	21	428	415	2
> 2021	9	22	2021	9	22	592	583	2
> 2021	9	23	2021	9	23	580	574	0
> 2021	9	24	2021	9	24	469	453	2
217,219c217,219
< 2021	9	26	2021	9	26	89	87	1
< 2021	9	27	2021	9	27	448	429	3
< 2021	9	28	2021	9	28	284	279	3
---
> 2021	9	26	2021	9	26	88	86	1
> 2021	9	27	2021	9	27	443	424	3
> 2021	9	28	2021	9	28	283	278	3
221,223c221,223
< 2021	9	30	2021	9	30	363	344	2
< 2021	10	1	2021	10	1	473	459	4
< 2021	10	2	2021	10	2	156	148	5
---
> 2021	9	30	2021	9	30	359	340	1
> 2021	10	1	2021	10	1	476	462	4
> 2021	10	2	2021	10	2	152	144	5
225,237c225,237
< 2021	10	4	2021	10	4	455	421	0
< 2021	10	5	2021	10	5	618	607	3
< 2021	10	6	2021	10	6	374	365	3
< 2021	10	7	2021	10	7	388	374	1
< 2021	10	8	2021	10	8	381	371	2
< 2021	10	9	2021	10	9	146	141	0
< 2021	10	10	2021	10	10	100	98	0
< 2021	10	11	2021	10	11	332	326	0
< 2021	10	12	2021	10	12	398	392	1
< 2021	10	13	2021	10	13	373	365	2
< 2021	10	14	2021	10	14	410	402	3
< 2021	10	15	2021	10	15	365	349	4
< 2021	10	16	2021	10	16	127	123	0
---
> 2021	10	4	2021	10	4	480	447	0
> 2021	10	5	2021	10	5	622	611	3
> 2021	10	6	2021	10	6	387	377	3
> 2021	10	7	2021	10	7	409	396	1
> 2021	10	8	2021	10	8	408	393	1
> 2021	10	9	2021	10	9	147	142	0
> 2021	10	10	2021	10	10	99	97	0
> 2021	10	11	2021	10	11	379	373	0
> 2021	10	12	2021	10	12	504	497	1
> 2021	10	13	2021	10	13	665	657	2
> 2021	10	14	2021	10	14	436	426	3
> 2021	10	15	2021	10	15	367	351	4
> 2021	10	16	2021	10	16	129	125	0
239,292c239,292
< 2021	10	18	2021	10	18	394	387	0
< 2021	10	19	2021	10	19	280	268	3
< 2021	10	20	2021	10	20	248	243	3
< 2021	10	21	2021	10	21	277	272	4
< 2021	10	22	2021	10	22	220	208	4
< 2021	10	23	2021	10	23	113	113	0
< 2021	10	24	2021	10	24	112	112	1
< 2021	10	25	2021	10	25	233	229	2
< 2021	10	26	2021	10	26	331	314	1
< 2021	10	27	2021	10	27	325	310	3
< 2021	10	28	2021	10	28	215	209	3
< 2021	10	29	2021	10	29	246	237	1
< 2021	10	30	2021	10	30	110	106	0
< 2021	10	31	2021	10	31	83	76	0
< 2021	11	1	2021	11	1	316	312	1
< 2021	11	2	2021	11	2	233	223	8
< 2021	11	3	2021	11	3	262	257	3
< 2021	11	4	2021	11	4	310	306	2
< 2021	11	5	2021	11	5	316	310	2
< 2021	11	6	2021	11	6	87	85	0
< 2021	11	7	2021	11	7	88	86	0
< 2021	11	8	2021	11	8	205	202	2
< 2021	11	9	2021	11	9	259	255	1
< 2021	11	10	2021	11	10	315	310	3
< 2021	11	11	2021	11	11	255	248	0
< 2021	11	12	2021	11	12	252	246	1
< 2021	11	13	2021	11	13	97	94	0
< 2021	11	14	2021	11	14	88	81	1
< 2021	11	15	2021	11	15	224	221	2
< 2021	11	16	2021	11	16	383	379	2
< 2021	11	17	2021	11	17	273	268	6
< 2021	11	18	2021	11	18	404	395	1
< 2021	11	19	2021	11	19	238	230	3
< 2021	11	20	2021	11	20	83	79	1
< 2021	11	21	2021	11	21	95	90	0
< 2021	11	22	2021	11	22	201	194	0
< 2021	11	23	2021	11	23	380	375	3
< 2021	11	24	2021	11	24	221	215	1
< 2021	11	25	2021	11	25	206	195	0
< 2021	11	26	2021	11	26	274	266	1
< 2021	11	27	2021	11	27	74	74	1
< 2021	11	28	2021	11	28	53	52	1
< 2021	11	29	2021	11	29	480	476	4
< 2021	11	30	2021	11	30	190	185	0
< 2021	12	1	2021	12	1	219	216	1
< 2021	12	2	2021	12	2	241	233	3
< 2021	12	3	2021	12	3	332	325	0
< 2021	12	4	2021	12	4	58	53	0
< 2021	12	5	2021	12	5	81	80	1
< 2021	12	6	2021	12	6	218	216	2
< 2021	12	7	2021	12	7	211	209	0
< 2021	12	8	2021	12	8	214	204	2
< 2021	12	9	2021	12	9	250	245	1
< 2021	12	10	2021	12	10	178	173	1
---
> 2021	10	18	2021	10	18	668	657	0
> 2021	10	19	2021	10	19	458	443	3
> 2021	10	20	2021	10	20	374	365	3
> 2021	10	21	2021	10	21	424	416	4
> 2021	10	22	2021	10	22	303	286	4
> 2021	10	23	2021	10	23	117	115	0
> 2021	10	24	2021	10	24	114	114	1
> 2021	10	25	2021	10	25	302	292	2
> 2021	10	26	2021	10	26	485	462	1
> 2021	10	27	2021	10	27	412	397	4
> 2021	10	28	2021	10	28	285	276	3
> 2021	10	29	2021	10	29	339	329	1
> 2021	10	30	2021	10	30	120	110	0
> 2021	10	31	2021	10	31	96	86	0
> 2021	11	1	2021	11	1	606	599	1
> 2021	11	2	2021	11	2	288	279	8
> 2021	11	3	2021	11	3	418	413	3
> 2021	11	4	2021	11	4	442	436	1
> 2021	11	5	2021	11	5	417	405	2
> 2021	11	6	2021	11	6	89	87	0
> 2021	11	7	2021	11	7	92	90	0
> 2021	11	8	2021	11	8	261	253	2
> 2021	11	9	2021	11	9	368	362	1
> 2021	11	10	2021	11	10	535	528	3
> 2021	11	11	2021	11	11	341	335	0
> 2021	11	12	2021	11	12	348	338	1
> 2021	11	13	2021	11	13	98	96	0
> 2021	11	14	2021	11	14	94	87	1
> 2021	11	15	2021	11	15	323	319	2
> 2021	11	16	2021	11	16	652	643	2
> 2021	11	17	2021	11	17	408	398	6
> 2021	11	18	2021	11	18	825	816	1
> 2021	11	19	2021	11	19	414	405	3
> 2021	11	20	2021	11	20	85	81	1
> 2021	11	21	2021	11	21	99	95	0
> 2021	11	22	2021	11	22	291	282	0
> 2021	11	23	2021	11	23	780	774	3
> 2021	11	24	2021	11	24	363	351	1
> 2021	11	25	2021	11	25	308	292	1
> 2021	11	26	2021	11	26	439	430	1
> 2021	11	27	2021	11	27	76	76	1
> 2021	11	28	2021	11	28	54	53	1
> 2021	11	29	2021	11	29	1042	1033	4
> 2021	11	30	2021	11	30	381	375	0
> 2021	12	1	2021	12	1	557	553	2
> 2021	12	2	2021	12	2	383	375	3
> 2021	12	3	2021	12	3	639	625	0
> 2021	12	4	2021	12	4	61	56	0
> 2021	12	5	2021	12	5	80	79	1
> 2021	12	6	2021	12	6	391	388	2
> 2021	12	7	2021	12	7	401	398	1
> 2021	12	8	2021	12	8	429	415	2
> 2021	12	9	2021	12	9	441	436	1
> 2021	12	10	2021	12	10	285	277	1
294,300c294,300
< 2021	12	12	2021	12	12	73	71	0
< 2021	12	13	2021	12	13	145	138	3
< 2021	12	14	2021	12	14	207	199	1
< 2021	12	15	2021	12	15	307	296	3
< 2021	12	16	2021	12	16	182	175	0
< 2021	12	17	2021	12	17	134	130	2
< 2021	12	18	2021	12	18	90	82	0
---
> 2021	12	12	2021	12	12	72	70	0
> 2021	12	13	2021	12	13	243	235	3
> 2021	12	14	2021	12	14	512	503	1
> 2021	12	15	2021	12	15	670	656	4
> 2021	12	16	2021	12	16	500	490	0
> 2021	12	17	2021	12	17	237	233	2
> 2021	12	18	2021	12	18	95	87	0
302,305c302,305
< 2021	12	20	2021	12	20	203	200	3
< 2021	12	21	2021	12	21	165	164	1
< 2021	12	22	2021	12	22	240	238	1
< 2021	12	23	2021	12	23	229	226	3
---
> 2021	12	20	2021	12	20	392	385	3
> 2021	12	21	2021	12	21	350	349	1
> 2021	12	22	2021	12	22	300	297	1
> 2021	12	23	2021	12	23	231	228	3
307,309c307,309
< 2021	12	25	2021	12	25	38	36	0
< 2021	12	26	2021	12	26	41	41	0
< 2021	12	27	2021	12	27	79	76	2
---
> 2021	12	25	2021	12	25	41	38	1
> 2021	12	26	2021	12	26	42	42	0
> 2021	12	27	2021	12	27	83	80	2
311,313c311,313
< 2021	12	29	2021	12	29	96	94	1
< 2021	12	30	2021	12	30	138	135	6
< 2021	12	31	2021	12	31	86	84	1
---
> 2021	12	29	2021	12	29	95	93	1
> 2021	12	30	2021	12	30	146	143	4
> 2021	12	31	2021	12	31	86	84	2
316,319c316,319
< 2022	1	3	2022	1	3	81	78	0
< 2022	1	4	2022	1	4	110	107	1
< 2022	1	5	2022	1	5	180	173	1
< 2022	1	6	2022	1	6	232	225	1
---
> 2022	1	3	2022	1	3	80	77	0
> 2022	1	4	2022	1	4	112	109	1
> 2022	1	5	2022	1	5	185	178	1
> 2022	1	6	2022	1	6	229	222	1
322,326c322,326
< 2022	1	9	2022	1	9	91	89	1
< 2022	1	10	2022	1	10	201	195	2
< 2022	1	11	2022	1	11	297	288	0
< 2022	1	12	2022	1	12	224	216	0
< 2022	1	13	2022	1	13	245	239	1
---
> 2022	1	9	2022	1	9	92	90	1
> 2022	1	10	2022	1	10	202	196	2
> 2022	1	11	2022	1	11	296	288	0
> 2022	1	12	2022	1	12	225	217	0
> 2022	1	13	2022	1	13	246	240	1
328,329c328,329
< 2022	1	15	2022	1	15	77	73	1
< 2022	1	16	2022	1	16	87	84	1
---
> 2022	1	15	2022	1	15	77	72	1
> 2022	1	16	2022	1	16	86	83	1
331,334c331,334
< 2022	1	18	2022	1	18	224	220	0
< 2022	1	19	2022	1	19	338	330	1
< 2022	1	20	2022	1	20	267	261	0
< 2022	1	21	2022	1	21	319	310	2
---
> 2022	1	18	2022	1	18	226	222	0
> 2022	1	19	2022	1	19	341	333	1
> 2022	1	20	2022	1	20	268	262	0
> 2022	1	21	2022	1	21	322	313	2
336,338c336,338
< 2022	1	23	2022	1	23	61	61	0
< 2022	1	24	2022	1	24	246	237	1
< 2022	1	25	2022	1	25	324	319	0
---
> 2022	1	23	2022	1	23	64	64	0
> 2022	1	24	2022	1	24	245	236	1
> 2022	1	25	2022	1	25	325	320	0
344c344
< 2022	1	31	2022	1	31	238	232	4
---
> 2022	1	31	2022	1	31	237	231	4
