StartYear	StartMonth	StartDay	EndYear	EndMonth	EndDay	Number of reports (cases)	Number of cases with a single suspected medicine	Number of cases where death was a reported outcome
2021	2	22	2021	2	22	2	2	0
2021	2	23	2021	2	23	5	5	0
2021	2	24	2021	2	24	22	22	0
2021	2	25	2021	2	25	16	16	0
2021	2	26	2021	2	26	23	23	0
2021	2	27	2021	2	27	2	2	0
2021	2	28	2021	2	28	71	71	0
2021	3	1	2021	3	1	44	44	1
2021	3	2	2021	3	2	35	35	0
2021	3	3	2021	3	3	46	46	1
2021	3	4	2021	3	4	48	48	2
2021	3	5	2021	3	5	49	49	3
2021	3	6	2021	3	6	7	6	2
2021	3	7	2021	3	7	17	17	0
2021	3	8	2021	3	8	28	28	0
2021	3	9	2021	3	9	58	58	1
2021	3	10	2021	3	10	75	75	0
2021	3	11	2021	3	11	107	107	2
2021	3	12	2021	3	12	77	77	2
2021	3	13	2021	3	13	9	9	0
2021	3	14	2021	3	14	49	49	0
2021	3	15	2021	3	15	149	149	0
2021	3	16	2021	3	16	153	152	2
2021	3	17	2021	3	17	154	154	0
2021	3	18	2021	3	18	161	161	1
2021	3	19	2021	3	19	134	134	2
2021	3	20	2021	3	20	24	24	0
2021	3	21	2021	3	21	35	35	0
2021	3	22	2021	3	22	235	233	0
2021	3	23	2021	3	23	244	244	0
2021	3	24	2021	3	24	271	270	2
2021	3	25	2021	3	25	579	577	0
2021	3	26	2021	3	26	324	324	2
2021	3	27	2021	3	27	72	72	0
2021	3	28	2021	3	28	108	108	1
2021	3	29	2021	3	29	493	492	2
2021	3	30	2021	3	30	213	212	4
2021	3	31	2021	3	31	383	381	1
2021	4	1	2021	4	1	307	306	1
2021	4	2	2021	4	2	131	131	1
2021	4	3	2021	4	3	93	93	0
2021	4	4	2021	4	4	63	63	0
2021	4	5	2021	4	5	55	55	2
2021	4	6	2021	4	6	1154	1151	6
2021	4	7	2021	4	7	321	320	1
2021	4	8	2021	4	8	418	414	1
2021	4	9	2021	4	9	629	614	3
2021	4	10	2021	4	10	66	66	2
2021	4	11	2021	4	11	67	64	0
2021	4	12	2021	4	12	755	746	7
2021	4	13	2021	4	13	427	425	2
2021	4	14	2021	4	14	607	588	5
2021	4	15	2021	4	15	365	363	2
2021	4	16	2021	4	16	684	680	8
2021	4	17	2021	4	17	78	78	0
2021	4	18	2021	4	18	74	74	2
2021	4	19	2021	4	19	555	551	12
2021	4	20	2021	4	20	492	488	2
2021	4	21	2021	4	21	492	472	5
2021	4	22	2021	4	22	332	322	11
2021	4	23	2021	4	23	292	279	2
2021	4	24	2021	4	24	77	76	0
2021	4	25	2021	4	25	57	50	2
2021	4	26	2021	4	26	461	456	12
2021	4	27	2021	4	27	367	364	4
2021	4	28	2021	4	28	382	379	2
2021	4	29	2021	4	29	262	259	1
2021	4	30	2021	4	30	694	686	4
2021	5	1	2021	5	1	146	145	1
2021	5	2	2021	5	2	62	60	3
2021	5	3	2021	5	3	375	369	9
2021	5	4	2021	5	4	501	497	5
2021	5	5	2021	5	5	426	418	5
2021	5	6	2021	5	6	454	446	2
2021	5	7	2021	5	7	439	432	8
2021	5	8	2021	5	8	74	72	0
2021	5	9	2021	5	9	54	51	0
2021	5	10	2021	5	10	554	547	2
2021	5	11	2021	5	11	393	387	3
2021	5	12	2021	5	12	409	405	3
2021	5	13	2021	5	13	594	584	6
2021	5	14	2021	5	14	666	656	8
2021	5	15	2021	5	15	69	69	1
2021	5	16	2021	5	16	41	40	1
2021	5	17	2021	5	17	410	396	7
2021	5	18	2021	5	18	301	293	9
2021	5	19	2021	5	19	282	277	4
2021	5	20	2021	5	20	620	616	2
2021	5	21	2021	5	21	400	388	2
2021	5	22	2021	5	22	83	83	0
2021	5	23	2021	5	23	70	69	1
2021	5	24	2021	5	24	476	467	4
2021	5	25	2021	5	25	350	344	7
2021	5	26	2021	5	26	402	398	8
2021	5	27	2021	5	27	469	469	2
2021	5	28	2021	5	28	427	424	1
2021	5	29	2021	5	29	81	81	0
2021	5	30	2021	5	30	58	57	2
2021	5	31	2021	5	31	914	909	10
2021	6	1	2021	6	1	273	269	2
2021	6	2	2021	6	2	285	280	2
2021	6	3	2021	6	3	476	470	15
2021	6	4	2021	6	4	349	347	8
2021	6	5	2021	6	5	69	67	0
2021	6	6	2021	6	6	81	77	0
2021	6	7	2021	6	7	457	448	3
2021	6	8	2021	6	8	483	475	10
2021	6	9	2021	6	9	402	391	9
2021	6	10	2021	6	10	405	400	2
2021	6	11	2021	6	11	407	403	4
2021	6	12	2021	6	12	103	101	1
2021	6	13	2021	6	13	86	80	0
2021	6	14	2021	6	14	418	415	3
2021	6	15	2021	6	15	492	488	4
2021	6	16	2021	6	16	468	464	3
2021	6	17	2021	6	17	715	705	5
2021	6	18	2021	6	18	395	383	5
2021	6	19	2021	6	19	107	99	0
2021	6	20	2021	6	20	85	83	0
2021	6	21	2021	6	21	503	498	3
2021	6	22	2021	6	22	437	428	4
2021	6	23	2021	6	23	490	479	2
2021	6	24	2021	6	24	697	687	4
2021	6	25	2021	6	25	426	422	5
2021	6	26	2021	6	26	84	74	1
2021	6	27	2021	6	27	87	73	2
2021	6	28	2021	6	28	369	354	4
2021	6	29	2021	6	29	391	381	4
2021	6	30	2021	6	30	381	377	5
2021	7	1	2021	7	1	700	697	3
2021	7	2	2021	7	2	413	407	2
2021	7	3	2021	7	3	99	93	0
2021	7	4	2021	7	4	66	60	0
2021	7	5	2021	7	5	582	576	1
2021	7	6	2021	7	6	595	592	1
2021	7	7	2021	7	7	609	599	4
2021	7	8	2021	7	8	570	562	3
2021	7	9	2021	7	9	527	516	8
2021	7	10	2021	7	10	48	45	0
2021	7	11	2021	7	11	86	76	2
2021	7	12	2021	7	12	584	578	3
2021	7	13	2021	7	13	611	598	9
2021	7	14	2021	7	14	608	604	4
2021	7	15	2021	7	15	487	484	4
2021	7	16	2021	7	16	402	396	3
2021	7	17	2021	7	17	81	78	0
2021	7	18	2021	7	18	62	58	1
2021	7	19	2021	7	19	461	454	0
2021	7	20	2021	7	20	607	596	2
2021	7	21	2021	7	21	392	387	1
2021	7	22	2021	7	22	543	537	4
2021	7	23	2021	7	23	532	524	1
2021	7	24	2021	7	24	83	75	0
2021	7	25	2021	7	25	116	105	0
2021	7	26	2021	7	26	423	421	1
2021	7	27	2021	7	27	685	680	6
2021	7	28	2021	7	28	484	473	5
2021	7	29	2021	7	29	568	565	0
2021	7	30	2021	7	30	353	349	5
2021	7	31	2021	7	31	59	59	0
2021	8	1	2021	8	1	112	108	4
2021	8	2	2021	8	2	555	551	2
2021	8	3	2021	8	3	462	457	5
2021	8	4	2021	8	4	332	326	1
2021	8	5	2021	8	5	455	451	4
2021	8	6	2021	8	6	303	296	9
2021	8	7	2021	8	7	173	165	0
2021	8	8	2021	8	8	82	80	1
2021	8	9	2021	8	9	565	560	1
2021	8	10	2021	8	10	486	477	2
2021	8	11	2021	8	11	435	429	2
2021	8	12	2021	8	12	407	396	1
2021	8	13	2021	8	13	701	696	3
2021	8	14	2021	8	14	125	123	0
2021	8	15	2021	8	15	97	91	0
2021	8	16	2021	8	16	583	580	3
2021	8	17	2021	8	17	594	587	4
2021	8	18	2021	8	18	557	553	6
2021	8	19	2021	8	19	678	669	3
2021	8	20	2021	8	20	512	509	1
2021	8	21	2021	8	21	112	110	0
2021	8	22	2021	8	22	135	132	0
2021	8	23	2021	8	23	510	507	3
2021	8	24	2021	8	24	533	527	5
2021	8	25	2021	8	25	376	367	3
2021	8	26	2021	8	26	765	758	1
2021	8	27	2021	8	27	415	407	2
2021	8	28	2021	8	28	110	108	0
2021	8	29	2021	8	29	140	137	4
2021	8	30	2021	8	30	654	649	8
2021	8	31	2021	8	31	435	427	2
2021	9	1	2021	9	1	436	424	5
2021	9	2	2021	9	2	441	432	4
2021	9	3	2021	9	3	493	487	1
2021	9	4	2021	9	4	136	135	0
2021	9	5	2021	9	5	213	198	3
2021	9	6	2021	9	6	717	706	8
2021	9	7	2021	9	7	516	506	3
2021	9	8	2021	9	8	299	292	1
2021	9	9	2021	9	9	516	503	3
2021	9	10	2021	9	10	402	398	0
2021	9	11	2021	9	11	127	123	1
2021	9	12	2021	9	12	124	119	0
2021	9	13	2021	9	13	633	619	6
2021	9	14	2021	9	14	391	385	1
2021	9	15	2021	9	15	335	327	2
2021	9	16	2021	9	16	543	537	5
2021	9	17	2021	9	17	412	405	6
2021	9	18	2021	9	18	193	184	1
2021	9	19	2021	9	19	94	87	0
2021	9	20	2021	9	20	522	514	0
2021	9	21	2021	9	21	273	260	2
2021	9	22	2021	9	22	296	291	2
2021	9	23	2021	9	23	301	298	0
2021	9	24	2021	9	24	259	254	2
2021	9	25	2021	9	25	133	133	2
2021	9	26	2021	9	26	84	82	1
2021	9	27	2021	9	27	289	277	3
2021	9	28	2021	9	28	250	247	3
2021	9	29	2021	9	29	345	335	1
2021	9	30	2021	9	30	266	249	2
2021	10	1	2021	10	1	255	247	4
2021	10	2	2021	10	2	146	143	5
2021	10	3	2021	10	3	96	94	3
2021	10	4	2021	10	4	235	216	0
2021	10	5	2021	10	5	354	347	3
2021	10	6	2021	10	6	282	277	3
2021	10	7	2021	10	7	305	294	1
2021	10	8	2021	10	8	282	275	2
2021	10	9	2021	10	9	134	131	0
2021	10	10	2021	10	10	97	95	0
2021	10	11	2021	10	11	273	267	0
2021	10	12	2021	10	12	274	271	1
2021	10	13	2021	10	13	372	364	2
2021	10	14	2021	10	14	288	284	3
2021	10	15	2021	10	15	270	262	4
2021	10	16	2021	10	16	122	119	0
2021	10	17	2021	10	17	77	76	0
2021	10	18	2021	10	18	325	319	0
2021	10	19	2021	10	19	281	269	3
2021	10	20	2021	10	20	246	241	3
2021	10	21	2021	10	21	275	271	4
2021	10	22	2021	10	22	218	207	4
2021	10	23	2021	10	23	118	116	0
2021	10	24	2021	10	24	112	112	1
2021	10	25	2021	10	25	234	230	2
2021	10	26	2021	10	26	331	312	0
2021	10	27	2021	10	27	326	313	3
2021	10	28	2021	10	28	217	211	3
2021	10	29	2021	10	29	249	240	1
2021	10	30	2021	10	30	112	107	0
2021	10	31	2021	10	31	79	74	0
2021	11	1	2021	11	1	317	313	1
2021	11	2	2021	11	2	235	225	8
2021	11	3	2021	11	3	263	258	3
2021	11	4	2021	11	4	294	291	2
2021	11	5	2021	11	5	287	281	2
2021	11	6	2021	11	6	92	90	0
2021	11	7	2021	11	7	88	86	0
2021	11	8	2021	11	8	200	197	2
2021	11	9	2021	11	9	251	248	1
2021	11	10	2021	11	10	312	307	3
2021	11	11	2021	11	11	250	245	0
2021	11	12	2021	11	12	244	240	1
2021	11	13	2021	11	13	98	95	0
2021	11	14	2021	11	14	86	81	1
2021	11	15	2021	11	15	224	221	2
2021	11	16	2021	11	16	387	383	2
2021	11	17	2021	11	17	276	271	6
2021	11	18	2021	11	18	404	395	1
2021	11	19	2021	11	19	238	230	3
2021	11	20	2021	11	20	83	79	1
